# Created by Octave 7.2.0, Sat Nov 05 16:10:19 2022 GMT <unknown@SWORD>
# name: dat
# type: int32 matrix
# ndims: 2
 1 101
 0
 64
 128
 192
 255
 316
 377
 436
 493
 549
 602
 653
 701
 746
 789
 828
 865
 897
 927
 952
 974
 992
 1006
 1016
 1022
 1024
 1022
 1016
 1006
 992
 974
 952
 927
 897
 865
 828
 789
 746
 701
 653
 602
 549
 493
 436
 377
 316
 255
 192
 128
 64
 0
 -64
 -128
 -192
 -255
 -316
 -377
 -436
 -493
 -549
 -602
 -653
 -701
 -746
 -789
 -828
 -865
 -897
 -927
 -952
 -974
 -992
 -1006
 -1016
 -1022
 -1024
 -1022
 -1016
 -1006
 -992
 -974
 -952
 -927
 -897
 -865
 -828
 -789
 -746
 -701
 -653
 -602
 -549
 -493
 -436
 -377
 -316
 -255
 -192
 -128
 -64
 0


